0 0.613032 0.028960 0.050532 0.057920
0 0.569371 0.045902 0.066046 0.091805
0 0.530585 0.074862 0.070922 0.114263
0 0.496454 0.123719 0.065603 0.107959
0 0.454122 0.161939 0.069592 0.119779
0 0.410461 0.207250 0.066489 0.120567
0 0.367686 0.254137 0.060727 0.124507
0 0.322473 0.309299 0.068706 0.143420
0 0.278147 0.353034 0.066933 0.145784
0 0.226729 0.391253 0.078457 0.152876
0 0.171986 0.462569 0.067376 0.134752
1 0.035904 0.474783 0.026596 0.044129
1 0.151596 0.860520 0.033688 0.029157
1 0.153369 0.896375 0.029255 0.033097